This the state of all the boards after the game ended :-
Board:
58 60 65 04 91 
-73 31 80 83 44 
98 47 33 21 25 
-76 06 -41 94 50 
55 30 52 11 36 

Board:
08 27 21 18 94 
59 -03 47 01 64 
67 16 90 20 83 
26 43 87 82 04 
-19 93 89 -48 -72 

Board:
28 31 21 56 35 
63 98 25 65 61 
-46 11 91 24 34 
-76 22 15 00 87 
83 80 39 12 71 

Board:
-48 09 -95 18 12 
67 20 -40 29 51 
00 85 21 69 89 
71 81 -97 64 13 
75 24 65 50 56 

Board:
01 27 24 93 -42 
47 71 21 91 88 
39 07 65 64 51 
28 16 15 25 56 
-48 23 32 20 22 

Board:
26 -37 -62 13 82 
53 54 16 50 75 
-42 18 51 64 60 
25 47 71 38 -77 
27 57 29 -76 -40 

Board:
-97 20 68 90 70 
-42 96 -62 49 27 
56 67 12 13 94 
71 35 31 54 -17 
-73 -03 05 23 -19 

Board:
43 93 -19 07 80 
88 -37 51 49 58 
29 -97 -17 94 65 
61 22 75 98 85 
28 -73 84 47 01 

Board:
96 99 82 07 91 
43 32 -48 39 60 
49 51 15 30 11 
16 -72 52 69 18 
79 -95 -41 68 59 

Board:
90 -03 81 44 99 
09 -40 94 -19 -37 
-41 52 43 83 -46 
02 -42 26 24 70 
49 74 34 -66 -77 

Board:
59 83 91 44 00 
-62 85 69 18 08 
74 05 94 -48 32 
50 -46 25 06 96 
87 -41 75 22 31 

Board:
36 61 69 96 87 
-77 60 49 32 45 
92 -97 34 21 70 
31 -62 06 63 02 
56 93 26 54 85 

Board:
30 96 54 85 82 
29 92 01 74 -42 
63 26 65 34 98 
87 91 06 53 64 
-62 45 13 50 56 

Board:
-03 67 61 56 23 
34 -48 39 -76 -37 
44 83 35 -72 29 
70 45 55 47 04 
31 92 06 99 59 

Board:
09 -42 99 80 -14 
81 57 -72 63 18 
-19 67 25 90 58 
00 04 51 52 69 
93 60 -73 28 23 

Board:
05 27 68 24 35 
69 67 49 01 79 
-73 64 04 -42 32 
55 74 44 90 45 
92 43 33 02 -03 

Board:
07 45 24 51 33 
71 -66 06 13 23 
-77 55 -76 -48 44 
39 70 43 36 32 
88 05 69 47 92 

Board:
45 -40 05 93 80 
64 -37 -10 35 04 
11 06 75 30 38 
74 44 26 90 99 
01 81 08 50 32 

Board:
92 71 59 47 32 
45 65 68 55 28 
99 88 -17 36 82 
16 22 61 -48 93 
29 05 69 24 51 

Board:
88 85 54 -41 92 
-10 67 -40 04 30 
29 45 32 47 51 
96 81 94 58 34 
39 -72 07 -46 98 

Board:
52 33 11 60 69 
-19 09 88 93 75 
82 45 -72 -48 44 
85 61 87 79 26 
71 80 21 00 -03 

Board:
60 01 57 93 81 
-17 32 61 21 04 
-76 24 -46 98 33 
09 84 91 06 23 
05 59 52 96 54 

Board:
22 35 20 -41 04 
57 08 09 -97 -10 
-19 25 12 65 53 
05 50 91 32 23 
58 96 15 07 78 

Board:
90 78 31 47 88 
81 56 55 -95 -10 
60 -42 68 34 57 
53 64 85 50 35 
-48 16 89 93 -77 

Board:
64 04 00 07 16 
58 50 -37 98 34 
85 71 75 22 57 
81 91 06 -86 -19 
61 63 -95 -40 -03 

Board:
-66 88 55 00 32 
68 09 98 -73 36 
15 45 39 67 06 
91 11 79 23 84 
12 80 -62 -14 -17 

Board:
79 31 43 75 -97 
54 78 87 60 99 
-41 34 32 61 26 
44 -37 20 12 18 
16 -73 -10 71 22 

Board:
92 83 15 36 27 
28 21 35 -42 18 
60 87 -41 38 -95 
45 -10 70 05 80 
11 30 56 -17 61 

Board:
63 25 57 -42 -14 
24 71 02 11 93 
56 -73 16 47 28 
87 64 08 27 83 
21 50 78 -48 -62 

Board:
18 29 90 01 16 
39 -72 21 88 55 
-19 13 69 83 71 
07 -97 43 58 61 
23 96 09 33 81 

Board:
36 13 32 01 11 
57 -17 91 -76 -72 
29 83 35 68 90 
87 12 39 -19 00 
99 31 16 25 43 

Board:
05 52 64 -73 -40 
00 01 51 -03 -14 
61 91 55 30 88 
33 83 31 13 71 
24 -97 36 -19 53 

Board:
81 15 67 -72 78 
20 21 -40 96 -37 
13 05 33 83 -66 
22 61 91 56 84 
35 -86 75 -41 -46 

Board:
28 29 -73 84 26 
-42 54 -03 15 12 
34 16 -62 91 30 
53 13 05 -46 55 
67 18 01 59 24 

Board:
16 39 26 11 67 
36 20 -62 27 78 
85 25 09 87 -66 
06 70 60 98 59 
94 -46 -17 81 -10 

Board:
35 -86 49 59 38 
88 54 68 -17 87 
-10 09 90 30 -62 
82 20 32 -77 -76 
81 83 79 00 67 

Board:
26 09 63 23 45 
22 44 36 60 04 
84 91 54 06 78 
94 02 -62 61 31 
52 88 -42 21 29 

Board:
01 32 44 00 09 
13 36 26 06 -17 
50 74 -14 51 88 
25 -10 -73 43 16 
47 68 34 02 81 

Board:
74 67 38 24 32 
-46 53 63 18 82 
33 -41 -48 90 05 
56 -03 20 99 -17 
96 94 59 21 87 

Board:
49 -72 39 25 -62 
59 99 27 53 98 
33 -46 92 38 08 
18 82 90 70 20 
-03 02 54 00 75 

Board:
54 34 45 00 -19 
-95 11 27 -62 50 
-03 -77 79 -17 81 
74 57 -40 83 47 
88 -72 39 92 16 

Board:
65 01 91 71 67 
81 23 34 -48 90 
28 92 84 11 -03 
05 08 61 16 -76 
83 -46 24 55 82 

Board:
-42 87 55 23 59 
79 54 81 -48 -95 
61 16 44 13 91 
53 98 -72 30 88 
65 69 83 36 64 

Board:
45 80 47 27 78 
54 36 16 75 01 
-17 26 68 28 39 
43 87 49 00 89 
56 24 07 85 92 

Board:
18 50 -95 70 49 
44 47 69 92 54 
96 28 79 67 16 
13 31 29 98 -14 
53 20 05 -66 25 

Board:
88 33 27 -97 67 
20 69 22 35 00 
50 -73 70 52 91 
71 32 -48 21 65 
-03 05 15 30 -86 

Board:
-77 85 98 06 11 
15 53 21 89 67 
51 -40 -62 08 36 
-37 69 47 24 29 
39 63 64 -72 44 

Board:
13 07 80 -86 29 
45 91 82 -41 -42 
69 74 12 68 38 
84 51 06 -10 -14 
57 26 -62 -17 24 

Board:
31 88 98 02 11 
33 -40 23 30 43 
25 16 50 -41 22 
12 51 99 06 89 
91 -66 90 -97 32 

Board:
22 74 70 98 54 
25 20 -76 -40 38 
21 99 69 -10 -41 
11 59 -46 61 36 
87 50 49 84 78 

Board:
57 25 39 22 -86 
-37 08 61 78 -73 
49 30 -95 -03 44 
18 01 58 91 -46 
24 64 -17 13 60 

Board:
61 -10 -14 53 83 
32 28 -66 65 -40 
63 -86 -48 -76 06 
92 69 -95 24 55 
59 71 -72 30 33 

Board:
47 -76 18 53 56 
-37 -42 09 28 02 
00 80 99 -48 27 
79 20 15 05 54 
-03 07 71 89 87 

Board:
31 08 16 28 79 
56 -77 -66 59 36 
09 99 85 57 06 
67 82 -73 87 91 
-37 52 43 58 81 

Board:
09 02 96 51 64 
68 30 36 -03 -66 
33 57 -41 83 52 
90 84 54 20 56 
14 88 -62 -76 38 

Board:
-17 -86 75 54 05 
13 59 68 87 74 
44 -62 31 57 98 
07 24 36 71 -76 
69 23 -19 70 -73 

Board:
55 -40 01 98 24 
85 29 39 -72 -03 
80 28 94 67 65 
14 70 49 -97 90 
11 02 74 44 -48 

Board:
49 91 63 99 67 
01 69 29 22 81 
58 -77 -62 74 16 
09 68 38 06 78 
-72 24 94 64 -76 

Board:
94 98 58 -41 63 
-77 -76 -73 -62 49 
74 38 87 92 -46 
83 89 -48 05 15 
26 -19 08 44 56 

Board:
-72 21 44 61 99 
84 08 -66 69 32 
12 38 57 -86 -37 
87 74 -41 -03 91 
90 78 45 89 49 

Board:
22 85 -17 59 08 
99 43 79 65 84 
56 36 -66 78 57 
50 -10 39 67 69 
12 14 34 68 23 

Board:
02 08 58 29 89 
53 54 69 -19 -48 
22 52 35 36 06 
26 -46 44 15 61 
21 71 63 83 99 

Board:
84 25 24 59 -95 
49 29 26 -17 58 
39 51 15 -72 21 
01 13 35 85 11 
04 91 18 89 53 

Board:
49 -76 -48 58 -19 
32 11 53 24 67 
64 12 -03 45 31 
06 75 44 -46 80 
59 90 -42 39 83 

Board:
71 25 59 18 12 
54 -10 -77 52 13 
-42 68 28 -17 -37 
33 82 47 22 24 
38 14 79 -41 84 

Board:
81 56 34 28 71 
83 27 14 16 30 
63 26 06 45 29 
-86 53 60 50 15 
08 43 07 44 91 

Board:
32 30 59 58 55 
-76 24 08 79 00 
35 14 -46 16 99 
20 -19 98 04 94 
74 85 51 31 -17 

Board:
32 -37 22 91 52 
01 20 88 -17 -86 
64 61 34 23 79 
28 -42 05 67 -72 
04 94 13 74 14 

Board:
11 -62 -72 23 45 
60 65 56 81 29 
83 64 -73 61 01 
57 -77 02 30 09 
-10 39 50 28 88 

Board:
50 -17 65 -72 16 
24 -86 -42 39 68 
20 84 27 98 12 
57 -41 01 63 32 
94 22 38 81 18 

Board:
45 51 38 88 94 
21 24 44 74 63 
29 -19 26 57 32 
-40 31 56 80 53 
36 70 33 22 93 

Board:
99 -86 22 85 -17 
74 45 78 67 39 
18 -42 -77 -46 27 
20 31 -40 08 81 
-73 47 -19 96 15 

Board:
92 54 -10 -73 24 
44 18 74 32 -19 
69 08 14 -46 33 
63 57 -97 65 -03 
-62 34 04 36 35 

Board:
71 07 05 -03 88 
94 79 47 -41 28 
51 31 91 23 52 
99 -42 39 87 54 
-48 59 -97 68 04 

Board:
09 93 -86 99 26 
14 83 45 43 -48 
84 23 -17 28 04 
35 79 47 75 61 
54 65 59 81 -42 

Board:
89 99 27 58 96 
23 52 50 24 70 
47 83 61 05 65 
-40 -19 -66 21 00 
55 -10 13 81 51 

Board:
26 30 33 01 57 
-41 60 44 96 70 
-72 29 24 00 -62 
-76 69 16 21 93 
52 -48 79 84 14 

Board:
65 36 74 22 80 
21 69 47 31 61 
-42 50 92 27 18 
12 24 91 29 06 
28 -73 70 -76 11 

Board:
60 79 47 08 30 
65 50 54 56 23 
14 98 33 25 -76 
74 71 -86 -37 -66 
-72 -77 85 39 53 

Board:
71 56 53 -03 -19 
88 99 -40 61 -37 
-95 87 08 78 34 
54 75 57 96 12 
50 98 69 58 94 

Board:
16 09 85 02 87 
88 98 -37 13 01 
27 -42 15 18 22 
29 58 25 99 -72 
38 -86 78 91 92 

Board:
-03 21 39 81 -76 
-66 47 80 44 13 
59 02 96 -17 -62 
35 51 08 -37 -41 
88 74 14 92 18 

Board:
71 15 74 60 32 
-17 67 69 -62 80 
-19 01 78 89 85 
22 96 11 08 13 
04 -86 -48 00 61 

Board:
22 29 68 36 55 
-73 -62 -86 31 90 
07 75 49 81 -46 
09 -41 83 67 51 
32 24 59 05 99 

Board:
84 94 25 18 57 
-76 06 98 79 29 
-42 -10 71 89 05 
74 78 53 85 51 
64 20 49 47 -37 

Board:
-95 22 29 -37 87 
13 54 00 28 74 
21 50 49 08 92 
81 58 34 02 43 
65 -19 63 52 -76 

Board:
15 69 67 23 21 
82 84 20 83 53 
49 59 -86 02 31 
71 89 68 -40 79 
-76 25 -42 22 13 

Board:
82 11 88 -77 92 
-48 08 61 13 64 
32 -72 80 67 -03 
52 04 25 75 94 
53 20 33 06 16 

Board:
-41 -95 57 -46 -17 
50 -03 99 74 28 
-97 39 -73 58 70 
75 35 94 51 87 
12 44 43 21 71 

Board:
74 00 85 -48 21 
-42 28 16 06 53 
51 25 18 -72 47 
83 04 -37 79 29 
96 39 78 44 56 

Board:
45 60 35 49 04 
25 94 68 34 56 
54 -17 61 74 50 
70 -48 98 05 14 
15 85 21 08 22 

Board:
29 33 -86 96 -62 
02 43 61 -10 -46 
11 12 -76 31 80 
88 78 -37 92 14 
53 57 90 74 01 

Board:
32 56 43 50 60 
00 -77 -72 51 -37 
71 -40 69 -97 38 
65 02 67 47 81 
54 79 82 84 90 

Board:
82 26 28 87 93 
61 33 38 89 12 
25 13 05 -37 35 
15 67 08 94 16 
-95 59 64 -41 70 

Board:
85 22 43 18 13 
64 -73 96 16 84 
61 44 12 -37 11 
47 35 80 32 14 
02 -41 60 29 -86 

Board:
52 87 78 06 61 
50 21 54 04 02 
91 01 35 -48 -72 
99 43 69 44 -40 
30 -41 -19 29 27 

Board:
-10 20 -95 69 22 
-66 53 -77 -37 28 
51 89 85 -48 21 
16 14 60 -73 43 
96 -86 12 -97 90 

Board:
-48 07 67 47 96 
71 61 60 64 18 
13 15 57 -86 93 
-46 -41 53 88 32 
82 65 26 34 -10 

Board:
80 92 02 54 05 
00 -17 78 81 43 
33 15 51 -73 61 
71 31 47 38 11 
52 29 23 -97 14 

Board:
-76 52 54 92 80 
74 50 11 27 78 
63 09 25 38 20 
-03 90 39 -37 15 
87 45 -17 93 -62 

Board:
00 00 00 00 00 
00 00 00 00 00 
00 00 00 00 00 
00 00 00 00 00 
00 00 00 00 00 

